# the units of the parameters is m, rad, m/s, m/s^2, g, pixel
#robot ip and port
name: UR10e
ip: 192.168.1.10
port: 30003
velocity: 0.8
acceleration: 1.2
home_joint: [-1.2699077765094202, -1.5033601087382813, -2.017367362976074, -1.193929986362793, 1.5610384941101074, 0.30327463150024414]
home_pose: [0.014779733455096361, -0.6333456430141987, 0.46416180480580993, 3.1415, 0, 3.1415]
